1297861200 89583
1361848487 4
1361850302 9
1361850886 58
1361851090 58
1361907905 54
1362531455 60
1362533648 102
1367340827 19
1367340900 21
1368314236 21
1368315471 82
1372456741 82
1372457020 110
1372457135 110
1372457246 117
1372457348 117
1372529240 136
1372533245 144
1372533348 152
1372542960 196
1372543614 199
1372543767 210
1372544388 224
1372615448 254
1372616706 291
1372619424 297
1372620863 314
1372637329 324
1372638526 327
1372638980 329
1372639768 348
1372640281 348
1372686603 372
1372686876 372
1372689501 392
1372689517 395
1372710027 397
1372718690 406
1372718790 406
1372718977 407
1372720351 411
1372721240 431
1372721655 447
1372723218 472
1372723710 478
1372724619 512
1372735899 509
1372736505 535
1372737761 601
1372738775 612
1372739537 618
1372740775 640
1372740826 640
1372781956 643
1372781975 643
1372782071 651
1372788101 653
1372788226 653
1372788332 653
1372788431 655
1372789769 654
1372795610 673
1372799707 727
1372800652 761
1372801685 784
1372802046 786
1372803215 788
1372803276 788
1372803338 788
1372947999 880
1372948082 881
1372953849 888
1372955757 925
1372959652 1000
1372961203 1890
1372961510 1138
1372961680 1138
1372961750 1006
1372973360 1178
1372973790 1189
1372974328 1341
1372974370 1341
1372974739 1456
1372974781 1442
1373327191 1466
1373327233 1464
1373327366 1465
1373327576 1471
1373327624 1471
1373332476 1489
1373334102 1522
1373334159 1522
1373334334 1526
1373398477 1565
1373398913 1568
1373399507 1579
1373401438 1602
1373406457 1602
1373645118 1695
1373658976 1717
1373667427 1865
1373749822 1911
1373932637 1896
1374019380 1850
1374245264 2024
1374245342 3197
1374451166 3306
1374452425 3317
1374453026 3317
1374454726 3319
1374456461 3317
1374458966 3317
1374496357 3312
1374496541 3320
1374506188 3319
1374507115 3319
1374508552 3321
1374623397 4363
1374625258 4363
1374693215 5298
1374693238 5302
1375962114 5245
1375962176 6780
1375962216 6776
1376045803 6818
1376290570 7202
1376291203 7209
1376300654 7230
1376301837 7238
1376302244 7238
1376302934 7059
1376387787 7064
1376434117 7064
1376471324 7591
1376473923 8099
1376477666 8475
1376478623 8675
1376869224 8733
1376869238 10070
1376869501 10070
1376875027 10198
1376914670 10604
1376916382 11037
1377027668 11038
1377216694 11041
1377216701 11049
1377217249 11061
1377218500 11244
1377220103 11492
1377277230 11664
1377352904 11660
1377352915 11647
1377463522 11649
1377463534 11543
1377547156 11542
1377549415 11542
1377549650 11543
1377550135 11541
1377550430 11541
1377551058 11541
1377551485 11541
1377565162 11541
1377568891 11561
1377568908 11564
1377570613 11572
1377603821 11635
1377604209 11637
1377604238 11637
1377617497 11634
1377628071 11634
1377693815 11727
1377714494 11739
1377732654 11739
1377804722 11691
1377807054 11749
1377807449 11746
1377890367 11747
1377894609 11921
1377894790 11933
1378056461 12445
1378086110 12441
1378088013 12448
1378089805 12463
1378092230 12482
1378092971 12488
1378093053 12488
1378145499 12488
1378145507 12499
1378587408 13133
1379421043 13133
1379421046 13156
1379427783 13135
1380066870 13135
1380066978 13142
1380067016 13568
1380071127 13558
1380072843 13558
1380076482 13558
1380679045 13573
1380679189 13573
1381331130 13578
1381331833 14033
1381365902 14051
1381366088 14050
1381379328 14061
1381416432 14048
1381551168 14048
1381797112 14049
1382646359 14083
1382648664 13598
1382714603 10747
1382714972 10771
1382814972 10771
1382815070 10771
1382815190 10770
1382815327 10770
1382815339 10770
1382815483 10770
1382827792 10770
1382833028 10771
1382838709 10771
1382877112 10234
1382877156 10234
1383074889 12188
1383075892 15598
1383075968 15598
1383237513 15598
1383859036 16292
1383859068 16291
1383860896 16312
1383861042 16313
1383872915 16299
1383881543 18978
1383939707 18985
1383939715 18986
1383939782 12971
1384223045 12971
1384223126 12971
1384223133 12966
1384223171 12966
1384223656 12966
1384228028 12968
1384229463 12962
1384266929 13285
1384270219 13543
1384270290 13543
1384302106 13541
1384304440 13541
1384305909 13547
1384306235 14221
1384465048 14221
1384532927 14223
1384539367 14223
1385317704 14223
1385321413 14223
1385321462 14225
1385582259 14227
1385610729 23817
1385649334 24448
1387580306 24448
1387580674 24448
1387583269 24499
1388786145 26475
1388786378 38300
1388794873 38300
1388797721 29473
1388798504 29473
1388809083 28363
1388810621 28363
1390099404 28362
1390099775 28375
1390578411 28353
1390582919 28520
1390583932 28554
1390597127 28554
1390597283 28554
1390599000 28551
1390601792 28335
1390924322 28341
1390925164 28368
1390926965 28368
1390931088 28374
1391046406 28391
1391384093 28456
1391619442 28465
1392597917 28464
1392598572 28459
1392598690 28459
1392764643 29136
1392764658 31600
1392766271 31639
1392815211 31604
1393018762 31613
1393619814 31926
1393621992 31933
1393633019 31944
1393633050 32026
1393633256 32033
1393975201 32021
1394123082 32025
1394124382 32037
1394125656 32020
1394126178 32016
1394127264 32028
1394133742 32020
1394134093 32024
1394143466 32090
1394171301 32091
1394173934 32115
1394508802 32115
1394511580 32114
1394511615 32114
1394511857 32088
1394513862 32080
1394513931 32080
1394759593 31497
1394760743 31497
1395153628 31832
1395180857 31832
1395180993 31832
1395181119 31829
1395194953 31886
1395354121 32068
1395354552 32193
1395354563 32150
1395366178 32143
1395370366 32201
1395370780 30548
1395372859 30527
1395588271 30529
1395590458 30527
1395591433 30526
1395592258 30714
1395592616 30714
1395605700 30758
1395605952 30885
1395606796 30915
1395622722 30957
1395623508 30957
1395623781 31030
1395624029 31057
1395635306 30839
1395694579 30859
1395695300 30926
1395695895 30907
1395697103 30931
1395697494 30932
1395697968 30923
1395710336 31057
1395776036 30123
1395776670 30123
1395814726 30491
1395844972 30465
1395859228 30705
1395859722 30811
1395862800 30816
1395890191 30924
1395893726 30929
1395894519 30922
1395927107 30909
1395967775 30909
1395967810 30909
1395968002 30907
1395974794 30929
1395975447 30922
1396029157 30926
1396052759 31044
1396052801 31198
1396273909 31204
1396274557 31202
1396274682 31202
1396304281 31202
1396486676 31352
1396492484 31626
1396492563 31626
1396733025 31796
1396733116 38011
1396907883 38016
1396908020 38833
1396908052 38833
1396958890 38833
1397056679 121757
1397056801 121766
1397056817 121766
1397058093 122257
1397058632 122257
1397060533 122892
1397061671 123361
1397062254 123257
1397082409 125583
1397083688 125978
1397136923 125980
1397164813 126097
1397226035 126097
1397423968 126119
1397515784 126132
1397516564 126132
1397596973 126156
1397601381 126235
1397657403 126220
1397657414 126233
1397753755 126357
1397756152 126364
1397759961 116837
1397761843 117308
1397767889 117429
1397767902 117431
1397770828 117664
1397774939 117670
1397838394 117682
1397924959 117744
1397924988 110839
1397925464 87168
1397992358 87235
1397993786 87314
1397994680 87321
1398016302 87343
1398016430 87331
1398016756 87330
1398297568 87395
1398363999 87396
1398364016 87396
1398364470 87391
1398381269 87400
1398381687 87400
1398624564 87391
1398909590 87397
1398964905 87397
1398976096 87407
1398976118 87407
1399134971 87354
1399135294 87404
1399135515 87369
1399162730 87379
1399240761 87503
1399241215 87523
1399259457 87568
1399297080 87623
1399297972 87694
1399298524 87724
1399298914 87724
1399300043 87772
1399301091 87905
1399301912 87917
1399394227 87942
1399395933 87953
1399397432 87951
1399400538 87968
1399400813 87994
1399400886 87993
1399401310 87959
1399401436 87959
1399402330 87961
1399408632 88027
1399494862 88046
1399990325 88040
1399990370 81956
1399993560 82029
1399995791 82197
1400019606 82212
1400078696 82249
1400178541 82249
1400179879 82259
1400182800 82344
1400185967 82334
1400277456 82369
1400332218 82484
1400461684 82503
1400554193 82615
1400554292 82620
1400756139 82619
1400756749 82622
1400757183 82630
1400757331 82634
1400757945 82634
1400763887 82640
1400768214 82978
1400810113 83162
1400990584 83549
1401317684 83580
1401374441 83580
1401374705 83580
1401405241 83618
1401468506 83618
1401468883 83605
1401468993 83605
1401469091 83605
1401469189 83605
1401470898 83605
1401485169 83556
1401485537 83559
1401485740 83561
1401745972 83617
1401752537 83674
1401823909 83759
1401825040 83755
1401981217 83797
1402005415 83800
1402006477 83743
1402008215 83758
1402009193 83870
1402012641 83868
1402012887 83868
1402013628 83868
1402017562 83873
1402017570 83831
1402028188 83792
1402028292 83791
1402029600 83790
1402029640 80737
1402030393 80737
1402074716 80863
1402076270 80882
1402078272 80950
1402078433 80947
1402078487 80946
1402098148 80980
1402103523 81090
1402104972 81213
1402106197 81213
1402235066 81248
1402505547 81420
1402579376 81388
1402579430 81409
1402590590 81438
1402871912 81440
1402969336 81581
1402969919 81581
1402974255 81593
1402974583 81578
1402976097 81584
1403046791 81633
1403065920 81654
1403065968 81662
1403102391 81739
1403103080 81741
1403103637 81744
1403129519 81766
1403129758 81768
1403132252 81760
1403132268 81760
1403217650 82369
1403223914 82395
1403224907 85773
1403225655 82430
1403305497 82453
1403305524 82449
1403455133 82453
1403455776 82741
1403457093 82663
1403457846 82663
1403478220 72338
1403480598 72368
1403563820 72487
1403566245 72487
1403566307 72487
1403613247 72487
1403614255 72505
1403615398 72513
1403623351 72771
1403648624 79759
1403650313 79775
1403653113 79812
1403654794 79807
1403796836 76638
1403797001 79647
1403827625 79664
1403827689 79663
1403869085 79663
1403869413 79748
1403869459 79748
1403872436 79752
1403874610 79752
1403875535 79767
1403884354 79770
1403912057 71298
1403912617 71180
1403922474 71239
1403923635 71239
1403954614 71382
1403954992 71388
1403974497 71392
1403981073 71416
1403982805 71422
1403984069 71432
1403997111 71466
1404005511 71431
1404006338 71453
1404007219 71451
1404007473 71451
1404049700 71383
1404059743 71418
1404060241 71423
1404076603 71438
1404091040 71490
1404091997 71492
1404146456 68304
1404150445 68280
1404175602 63675
1404217525 63682
1404329061 63690
1404329094 63822
1404331694 63899
1404339935 64027
1404345247 64029
1404737041 64037
1404737419 64037
1404762855 64163
1404765222 64169
1404768285 64214
1404774296 64230
1404775442 64239
1404778849 64285
1404841096 64372
1404851042 64377
1404852359 64395
1404852622 64389
1404857596 64408
1404857683 65011
1404858807 65110
1404928430 65120
1404928508 65147
1404930454 65146
1404936849 65149
1404937049 65857
1404951739 65912
1404953903 65912
1405011625 65902
1405014324 65951
1405015317 65975
1405046143 65970
1405096151 65952
1405096294 65956
1405627465 65970
1405627515 66204
1405628003 66195
1405628060 66195
1405628551 66202
1405900711 66221
1405904494 66221
1405955042 66429
1405955331 66417
1405976201 66418
1405980929 66526
1406062078 66563
1406243159 66576
1406243182 66529
1406245528 66555
1406415317 66553
1406425998 66553
1406427001 66588
1406427014 66592
1406465324 70426
1406471410 70433
1406502488 70771
1406557696 70775
1406558043 66755
1406569674 70703
1406572339 70730
1406573473 70744
1406574761 70740
1406575857 70740
1406580976 70788
1406590348 70827
1406591243 71047
1406591500 71047
1406750034 71046
1406750038 71025
1406767289 71025
1406820102 71027
1406820144 71027
1406820816 71027
1406827240 71022
1406850131 77483
1406918852 77485
1406919459 77487
1407005132 78685
1407005580 78684
1407005760 78687
1407006357 78687
1407017948 78686
1407072499 78712
1407155270 79260
1407155419 79260
1407195206 79260
1407237236 79260
1407237375 79586
1407254159 79586
1407294976 83906
1407296440 84239
1407321083 84182
1407322313 84182
1407326037 84182
1407335436 84208
1407335574 84208
1407336127 84208
1407353322 84207
1407353332 84201
1407353455 84201
1407357977 84375
1407359387 84377
1407359487 84378
1407359706 84379
1407427382 84355
1407429116 84382
1407430783 84382
1407435925 84381
1407437915 84387
1407439258 84393
1407439270 84393
1407439504 84393
1407439537 84393
1407495806 84715
1407520287 84536
1407520583 84536
1407523882 84536
1407523894 84538
1407528470 84538
1407550461 84538
1407555248 84538
1407702892 84545
1407703445 84577
1407704447 84579
1407779390 86081
1408092033 86097
1408093838 86727
1408094311 86726
1408097890 86723
1408191568 86757
1408191581 86766
1408261060 86778
1408261501 86756
1408307905 86760
1408308112 86760
1408393099 86623
1408463100 86624
1408463310 86624
1408554247 86625
1408554251 88154
1408554376 88156
1408565195 88156
1408739390 88168
1408747624 88595
1408748892 88651
1408751625 88675
1408752041 88675
1408913086 88675
1408913107 88674
1408982088 88694
1408995435 88674
1409093682 88681
1409097517 88681
1409097793 88681
1409103765 88682
1409141510 88680
1409163657 88680
1409181622 88680
1409239736 88650
1409239754 88650
1409239811 88650
1409672967 88688
1409673039 88688
1409673048 88688
1409675008 88698
1409675560 88700
1409859999 88719
1409952366 88729
1409952520 88806
1409952746 88817
1409953917 88857
1409954192 88864
1409955688 88868
1410056277 88911
1410212742 88919
1410212754 88918
1410305956 88898
1410306979 88908
1410450134 88944
1410450489 88962
1410450748 88960
1410453865 89066
1410455809 89066
1410479610 89066
1410539968 89114
1410540184 89158
1410694444 89250
1410694761 89307
1410880433 89337
1410880440 89360
1410880750 89360
1410889747 89361
1411065066 89363
1411140593 89378
1411141414 89378
1411165772 89439
1411167814 89428
1411240773 89439
1411676177 89447
1411679152 89404
1411679169 89404
1411682042 89419
1411682930 89419
1411686618 118030
1412461763 118084
1412461809 118089
1412462079 118089
1412463458 113422
1412717061 113424
1412717455 113426
1412720331 113426
1412937996 113450
1413384158 113479
1413384197 113478
1413384336 113478
1413926745 113485
1413926760 113485
1414004507 113485
1414543562 113523
1414880340 113534
1414881025 113534
1415028158 113564
1415032263 113572
1415032470 113572
1415063047 113673
1416991206 110853
1416991384 110863
1417079728 110863
1417442906 110863
1417454122 116197
1417468530 116240
1417480123 116273
1417480733 116329
1417480950 116329
1417657086 116326
1417657308 116322
1417706800 116321
1417706830 116321
1417782272 116321
1417782429 116337
1417782671 116337
1417786862 116341
1417787736 116341
1417787780 116341
1417793537 116335
1417811958 116333
1417812635 116369
1417820720 116420
1417821113 116449
1417822009 117279
1417875101 117282
1417889605 117290
1417889858 117297
1417889968 117297
1417890314 117299
1418247811 117438
1418247816 117448
1418247829 117452
1418248860 117452
1418249015 117452
1418253081 117469
1418311685 117470
1418655296 117513
1418655342 117513
1418655424 117513
1418656827 117546
1418662565 117659
1418662999 122857
1418663081 122849
1418737537 122855
1418836672 122861
1419191259 122860
1419303526 122863
1419359026 122866
1420060439 122867
1420061342 122871
1420064191 122908
1420594655 122910
1420594750 122923
1420594905 122925
1420595297 122937
1420596937 122954
1420741756 122966
1420745481 122966
1420760368 122970
1420843439 122972
1421365946 122962
1421366730 122968
1421634003 122978
1422309424 122980
1422309427 123095
1422323282 123932
1422324156 123942
1422324206 123942
1422324483 123943
1422325102 123944
1422325153 123944
1422535849 123975
1422536022 124020
1422557114 124008
1422557235 124038
1422558176 124051
1422558716 124055
1422624297 124059
1422853076 124062
1422853189 123417
1422853265 123417
1422853377 123417
1422909689 123418
1422909783 123422
1422909889 123426
1422967625 123432
1422967632 123440
1422983553 123591
1423455228 123769
1423455261 123941
1423455385 124212
1423504729 124253
1423507620 124267
1423703249 124267
1423741274 124293
1423741343 124295
1423800932 124298
1423801367 124273
1423801881 124253
1423803040 124243
1423803093 124242
1423803163 124235
1423803182 124235
1423803211 124235
1424101074 124235
1424101083 124446
1424103064 124446
1424120477 124446
1424120503 124446
1424120558 124448
1424209304 124731
1424276848 124777
1424726750 124886
1425817865 124886
1425817869 124880
1425817976 124880
1425860588 125035
1426857752 125035
1426857757 125070
1426858476 125070
1426860082 125075
1426860097 125070
1426860757 125074
1426860766 125118
1426861228 125125
1426874432 125125
1426874536 125128
1427141461 125148
1427453989 125267
1427482320 125279
1427554839 125312
1427555496 125312
1427752576 125337
1427759123 125337
1427996337 125377
1427996346 125405
1427996367 125421
1428504074 126447
1428584329 126444
1428615224 126692
1428618302 126692
1428694317 126692
1428887671 126692
1429191293 126693
1429191339 126693
1429191515 126684
1429730255 126684
1429909802 126795
1432735079 126791
1432735086 127203
1432735169 127203
1432735479 127229
1432735526 127233
1432742674 127238
1432825342 130706
1432828245 130706
1432830741 130694
1432838647 130673
1432841671 130668
1432848114 130674
1432848715 130682
1432850369 130765
1432853890 130765
1432854532 130757
1432854574 130764
1432856070 130762
1432856261 130825
1432856269 130973
1432856339 130993
1432856514 131095
1432856634 132666
1432856816 132774
1432856865 132779
1432856933 132782
1432859490 133695
1432859585 133706
1432862358 133710
1432908788 133934
1432915718 133934
1432915772 133952
1432922121 134320
1432922534 134319
1432922540 134319
1432922719 134324
1432926309 134415
1432926331 134419
1432926599 134928
1432929319 134956
1432936058 134985
1432939363 134971
1432942871 146537
1432947678 146608
1432947689 146608
1432947740 146724
1432949455 142097
1432949642 142324
1432951872 142336
1432952497 142358
1432954105 142370
1432954210 142384
1432956842 142344
1432956889 142391
1432999345 142459
1433001447 143059
1433007194 143058
1433015229 143061
1433015252 143150
1433015588 143461
1433022360 143497
1433029367 143497
1433049271 145011
1433110282 145014
1433110289 145014
1433124954 145027
1433127782 145039
1433281196 145039
1433281737 145560
1433282366 145560
1433287251 145969
1433296230 145956
1433297733 145959
1433346066 146774
1433716363 146798
1433790721 146798
1433790801 147021
1433791035 147181
1434490406 147203
1434490444 147551
1435084328 147608
1435084755 147947
1435087791 147870
1435088572 147870
1435089603 147980
1435095082 147980
1435171177 147980
1435171181 148000
1435171200 148014
1435171429 147948
1435792008 147948
1435792273 132664
1435792285 132782
1435792372 132779
1435792684 132779
1435874793 132523
1435939338 132530
1436293167 132530
1436293282 138525
1436293292 138566
1436293493 138569
1436293956 138569
1436309998 159931
1436454829 138570
1436454874 138577
1436550739 138609
1436647504 138664
1436701526 138668
1436788831 138663
1436986925 138665
1437093288 138664
1437106080 160849
1437176078 139131
1437601017 139131
1437601218 146233
1437937529 146234
1437937540 145945
1437937878 145941
1437939049 145938
1438021863 145933
1438022583 145942
1438022857 145942
1438023593 145942
1438024287 145942
1438105062 145944
1438188160 141096
1439314043 141096
1439314049 141617
1439314669 141617
1439316861 141617
1439432035 141617
1439759882 141618
1439768814 141618
1439812943 157106
1439902150 157152
1439904200 157152
1439986429 157152
1440006879 157154
1440278725 157242
1440426539 157320
1440630586 157332
1440631126 157333
1440958409 157336
1440958418 157321
1440958829 157322
1441025955 157322
1441076179 157322
1441408972 157327
1441408982 158030
1441483099 158205
1441484686 158222
1441485206 158206
1441485238 158206
1441485563 158206
1441485717 158206
1441485843 158206
1441486009 158208
1441656680 158208
1441656810 158208
1441712310 158028
1441713014 158028
1441741874 158035
1441743417 158040
1441748879 158040
1442100892 158042
1442100898 158042
1442103646 158042
1442143644 158042
1442143836 158047
1442157214 158051
1442157277 158052
1442194111 158052
1442194117 158052
1442255337 158068
1442255351 158068
1442255368 158068
1442255384 158075
1442255404 158075
1442255414 158075
1442255607 158075
1442255691 158075
1442255746 158075
1442256069 158076
1442257230 158045
1442257452 158045
1442257856 158045
1442258018 158045
1442258064 158045
1442370366 158045
1442370779 158046
1442371156 158046
1442371253 158045
1442371453 158045
1442576669 158045
1442756842 158045
1442756853 158045
1442778856 158045
1442778951 158050
1442781080 158050
1442835680 158050
1443025375 158050
1443197024 158058
1443197047 158058
1443388962 158156
1443389054 158154
1443391413 158381
1443986127 158386
1443986132 158879
1443986223 158885
1443986862 158877
1443992156 158883
1444040964 158918
1444045929 158918
1444046371 158918
1444046498 158918
1444046716 158918
1444075563 158918
1444075572 158918
1444076489 158918
1444082639 158921
1444082725 158922
1444132841 158922
1444138257 158938
1444170910 158938
1444171371 158938
1444171440 158937
1444248322 158939
1444616205 158939
1444616211 159001
1444617854 159066
1444618075 159066
1444670977 159066
1444682050 159070
1444686119 159070
1444736260 159072
1444750209 159072
1444761398 159072
1444761648 159074
1444822847 159162
1444833846 159214
1444838096 159214
1445036841 159235
1445053212 159235
1445054085 159235
1445274432 159241
1445278108 159291
1445278130 159292
1445278346 159296
1445278523 159300
1445280067 159279
1445457287 159395
1445640085 159395
1445640729 159397
1445704218 159412
1445704257 159412
1445779015 159428
1445808601 159533
1445810987 159528
1445811072 159528
1445811122 159528
1445815856 159530
1446831010 159530
1446831033 159595
1446831326 159608
1446832484 159627
1446832664 159627
1446833236 159637
1446935938 159664
1446936748 159669
1446952348 159722
1446952491 159671
1446952574 159722
1446953019 159722
1446954055 160754
1446954440 160759
1446954828 160759
1446955261 160758
1447012400 160843
1447012826 160886
1447020678 161003
1447024290 161014
1447104887 161014
1447247855 161015
1447248007 161027
1447279742 161027
1447281038 161053
1447281826 161064
1447281897 161064
1447281927 161064
1447283516 161070
1447405266 161172
1447422403 161170
1447506965 161174
1447507033 161181
1447507146 161182
1447724990 161258
1447725289 161308
1447899246 161307
1447899348 88613
1448117517 88611
1448137732 88601
1448322294 88601
1448405203 88633
1448494397 88632
1448494785 88646
1448494811 88649
1448496354 88662
1448496586 88661
1448496633 88661
1448498930 88695
1448499127 88695
1448499179 88695
1448539353 88730
1448630190 88730
1448637301 88731
1448638046 88731
1448720587 88732
1448720642 88903
1448747037 88937
1448758577 88971
1448759344 88972
1448819288 88974
1448845761 88974
1448861525 88978
1448910370 89042
1448918080 89042
1448927249 89107
1448927406 89204
1448929384 89204
1449000453 89208
1449000766 89212
1449000906 89213
1449001044 89213
1449459580 89213
1449524395 89215
1449664701 89214
1449664762 89231
1449691118 89236
1449692835 89236
1449696150 89278
1449698751 89306
1449698767 89306
1449857624 89306
1449877673 89308
1449877853 90236
1450020547 90265
1450228833 90268
1450229248 90336
1450229864 90348
1450230212 90323
1450230358 90332
1450230771 90336
1450230983 90336
1450231132 90332
1450270712 90332
1450272596 90332
1450835393 90335
1451619087 90335
1451948145 90357
1451949074 90314
1451949449 90310
1451949645 90306
1451950613 90327
1451952419 90327
1451952708 90327
1452910521 90335
1452910527 90335
1452910909 90335
1452912164 90346
1453230699 90347
1453231924 90354
1453231955 90354
1453232103 90355
1453495810 90358
1453498194 90404
1453498873 90404
1454616348 90404
1454616352 92237
1454616687 92237
1454617066 92198
1455216346 92199
1455216496 92266
1455216727 92270
1455216960 92271
1455384868 92272
1455384933 92275
1455581422 92338
1455582092 92339
1456189850 92339
1456189852 92344
1456195638 92463
1456450244 92694
1456450578 92683
1456529116 92691
1456530087 92691
1457043327 92691
1457103668 92691
1457129227 92691
1457133008 92691
1457136503 92694
1457211668 92700
1457355289 92700
1457707581 92701
1457985546 92701
1457985564 92737
1457989006 92732
1458063040 92737
1458063051 92738
1458064910 92743
1458064981 92747
1458607099 92747
1458608002 92741
1458609473 92748
1458609795 92749
1459089960 92749
1459089964 92912
1459089986 93179
1459091429 93203
1459194180 93374
1459532835 93373
1459532846 93282
1459624424 93282
1460323837 93298
1460323846 93309
1460424576 93390
1460469923 93404
1460470722 93447
1460471853 93446
1460474810 93729
1460479226 93909
1460492134 93923
1460683891 93971
1460687173 94225
1460916796 94225
1461096055 94223
1461447585 94223
1461447620 94236
1461590673 94236
1461590985 94238
1461593193 94291
1461619117 94293
1461621499 94300
1461678299 94307
1461678400 94308
1461681422 94937
1461865580 94986
1462195207 94986
1462195688 94986
1462195739 94986
1462196392 97076
1462976988 97080
1462978270 97086
1462978496 97086
1462978643 97090
1462978830 97090
1462980884 97089
1462981003 97089
1462981514 97122
1462981589 97122
1462992084 97122
1462992743 97143
1463055456 97148
1463059078 97251
1463345799 97270
1463429168 97338
1463429370 97339
1463604386 97355
1463604550 97514
1463664730 97515
1463830761 97515
1464209482 97554
1464209559 97653
1464209897 97652
1464619696 97652
1464619854 97648
1464643572 97649
1464643735 97651
1464644253 97651
1464644768 97651
1464785261 97646
1464830224 97646
1465592362 97636
1465592403 97636
1465593426 97636
1465594036 97637
1465937736 97639
1465937770 97675
1465954252 97675
1465954496 97697
1465954969 97721
1465955487 97721
1466039997 97741
1466134315 97747
1466134363 97749
1466134496 97749
1466134804 97750
1466486452 97752
1466486526 97753
1466995610 97755
1466995629 97755
1466999401 97755
1467002216 97755
1467076182 97756
1467077627 97756
1467077660 97756
1467085022 97762
1467624329 97764
1467624337 97766
1467691261 97800
1467698230 97815
1467700157 97815
1467702191 97815
1467702204 97826
1467702409 97833
1467857329 97832
1467875204 97832
1467923597 97832
1468200517 97832
1468280190 97832
1468357536 97841
1468376305 97822
1468377326 97823
1468377771 97823
1468377908 97823
1468457136 97845
1468463367 97850
1468550896 97850
1468551105 97856
1468726264 97855
1468726524 97855
1468825514 97856
1469964333 97861
1470033693 97860
1470038023 97892
1470038081 97894
1470129367 97901
1470202726 97901
1470295021 97902
1470298300 97903
1470624413 97923
1470632892 97924
1471486500 97924
1471725938 98084
1471726840 98084
1471798653 98141
1471802156 98186
1471805389 98186
1471805678 98186
1471880690 99120
1471881235 99120
1471988631 99124
1472012175 99131
1472663205 99131
1472668254 99116
1472758179 99111
1472761034 99114
1472939206 99118
1473898012 99122
1474068513 99122
1474068928 99125
1474159906 99114
1474159924 99114
1474161010 99113
1474161792 99113
1474261273 99196
1474414214 99184
1474418324 99194
1474418660 99196
1474510775 99201
1474510783 99211
1474511337 99265
1475169689 99475
1475170085 99475
1475339572 99476
1475339580 99482
1475340052 99482
1475340320 99482
1475392176 99481
1475422326 99481
1475518365 99485
1475595381 99485
1476154549 99485
1476385342 99485
1476385351 99543
1477595917 99549
1477595925 99550
1477597034 99545
1477597330 99545
1477598002 99546
1477598152 99548
1478817624 99550
1478817667 99643
1479001451 99661
1479002656 99482
1479153816 99482
1479154136 99487
1480013248 99478
1480015196 99489
1480619485 99490
1480967467 99492
1480967681 99492
1480967804 99493
1480967963 99493
1480973144 99151
1480973155 99151
1480973792 99150
1480974152 99150
1480975975 99150
1480995988 99150
1481407815 99150
1481407827 99161
1481677260 99165
1481677272 99165
1481677364 99165
1481684002 99165
1481684309 99165
1481684425 99169
1482549757 99169
1482549765 99168
1483122968 99190
1483123340 99191
1483123384 99191
1483381153 99192
1483381622 99191
1483381636 99191
1483480337 99220
1483481262 99228
1483937742 99228
1483937751 99232
1485566788 99243
1485566816 99247
1485566874 99245
1485649075 99245
1485649080 99245
1486606964 99245
1486606969 99246
1486608266 99249
1486608274 99271
1486608452 99271
1489530463 93652
1489530473 93651
1489531509 93979
1489531587 93980
1489532947 93983
1489616038 94015
1490399788 94015
1490399801 94030
1490458184 94030
1490476398 94030
1491207221 94054
1491316563 94054
1491601929 94062
1491674508 94062
1491857351 94061
1491939755 94052
1492031771 94052
1492275575 94059
1492631508 94059
1492638289 94062
1492741654 94065
1492804200 94065
1493175599 94070
1493176149 94070
1493231512 94069
1493514043 94069
1493529747 94069
1494378012 94069
1494416691 94069
1494416804 94072
1494417167 94079
1494417295 94078
1494417483 94079
1494417807 94117
1494418374 94121
1494420322 94039
1494420328 94037
1494420897 94037
1494461242 94042
1494870380 93994
1494877896 93996
1495118311 93993
1495118470 93993
1495593623 93980
1495593627 93982
1495827874 93986
1495827879 93996
1495828361 94000
1495828443 94000
1495829833 93999
1496359967 93999
1496359991 94110
1496455986 94126
1496456074 94229
1496529954 94228
1496695139 94228
1496699804 94232
1497047842 94232
1497642727 94270
1497895212 94319
1497895489 94319
1497895577 94316
1497918055 94362
1498153129 94362
1498153154 94362
1498460388 94365
1498460837 94384
1498471644 94391
1498471747 94391
1498484370 94365
1498490171 94391
1498490607 94376
1498731125 94396
1498731138 94473
1499098211 94480
1499098217 94537
1499101320 95235
1499101757 95361
1500234795 101034
1500235098 101034
1500235164 101046
1500235227 101137
1500237372 95572
1500238288 95591
1500340825 95590
1500340903 96074
1500587100 96023
1500821234 96019
1500913928 96020
1501025094 96020
1501183995 96020
1501249478 97206
1501267189 97210
1501276795 97214
1501453844 97298
1501945233 97298
1501984544 97304
1501984863 97308
1502500361 97308
1502505366 97308
1502934950 97312
1502934995 97313
1503268270 97307
1503268363 98161
1503605998 98161
1503718051 98154
1503726088 98156
1503766243 98148
1503875185 98183
1503964254 98485
1503964497 98486
1503964563 98486
1503965071 98486
1504033907 98517
1504053301 98622
1504485649 98622
1504496051 98625
1504496269 98625
1504559440 98625
1504667325 98625
1505310459 98629
1505508490 98694
1505659391 98717
1505763527 98767
1505766453 94869
1505766729 94955
1505888944 102257
1506116089 102433
1506146826 102440
1506279098 102442
1506279321 102441
1506289446 102494
1506642660 102494
1506642702 102510
1506650392 102514
1506650863 102517
1506651565 102519
1506652352 102519
1506652921 102517
1506695231 102518
1506897558 102502
1506897721 102536
1507007616 102536
1507007735 102570
1507096540 102577
1507096543 102632
1507096654 102632
1507096713 102685
1507097063 102790
1507097164 102791
1507097233 102838
1507339693 102838
1507340166 102839
1507340361 102846
1507583513 102838
1507583522 102885
1507584155 102860
1507584475 102863
1507586265 102863
1507586824 102863
1507748372 102863
1507775623 102846
1508107932 102859
1508108667 102860
1508109435 102893
1508109460 102904
1508109489 102916
1508109514 102928
1508109543 102938
1508109558 102950
1508109680 102960
1508109712 102972
1508109744 102984
1508109774 102996
1508110085 102965
1508110116 102972
1508110216 102979
1508110225 102986
1508110234 102994
1508110241 103001
1508110249 103008
1508110263 103015
1508110284 103022
1508110290 103029
1508110295 103036
1508110300 103044
1508110305 103051
1508110310 103058
1508110318 103065
1508110341 103072
1508110374 103079
1508110391 103086
1508110399 103094
1508110405 103101
1508110432 103108
1508110439 103115
1508110444 103122
1508110452 103129
1508110459 103136
1508110465 103144
1508110471 103151
1508110480 103158
1508110486 103165
1508110502 103172
1508110511 103179
1508110524 103186
1508110531 103194
1508110537 103201
1508110542 103208
1508110550 103215
1508110554 103222
1508110560 103229
1508110572 103236
1508110577 103244
1508110583 103251
1508110587 103258
1508110595 103265
1508110599 103272
1508110631 103279
1508110695 103286
1508110737 103294
1508111826 103294
1508111851 103301
1508111870 103308
1508111909 103315
1508111946 103322
1508111958 103329
1508111964 103336
1508111976 103344
1508111980 103351
1508111985 103358
1508111992 103365
1508111997 103372
1508112006 103379
1508112012 103386
1508112016 103394
1508112021 103401
1508112026 103408
1508112031 103415
1508112055 103422
1508112063 103429
1508112069 103436
1508112075 103444
1508112081 103451
1508112085 103458
1508112089 103465
1508112094 103472
1508112112 103479
1508112130 103486
1508112134 103494
1508112141 103501
1508112158 103508
1508112162 103515
1508112169 103522
1508112181 103529
1508112184 103536
1508112189 103544
1508112195 103551
1508112202 103558
1508112207 103565
1508112213 103572
1508112218 103579
1508112225 103586
1508112230 103594
1508112241 103601
1508112246 103608
1508112252 103615
1508112256 103622
1508112263 103629
1508112275 103636
1508112278 103644
1508112285 103651
1508112295 103658
1508112299 103665
1508112321 103672
1508112335 103679
1508112342 103686
1508112347 103694
1508112356 103701
1508112365 103708
1508112370 103715
1508995334 105381
1508995453 105384
1508996626 105388
1508998217 105391
1508998224 105398
1508998231 105405
1508998239 105413
1508998245 105420
1508998251 105427
1508998268 105434
1508998284 105441
1508998292 105448
1508998315 105455
1508998324 105463
1508998329 105470
1508998337 105477
1508998343 105484
1508998349 105491
1508998356 105498
1508998363 105505
1508998512 105513
1508998550 105520
1508998563 105527
1508998586 105534
1508998627 105541
1508998754 105536
1508999430 105543
1509028099 105543
1509028232 105543
1509028236 105544
1509028248 105544
1509028941 105555
1509028947 105563
1509029044 105562
1509029072 105563
1509029160 105563
1509029181 105563
1509029340 105577
1509029349 105584
1509029391 105584
1509029434 105584
1509030150 105591
1509030186 105598
1509030197 105605
1509030242 105612
1509030274 105612
1509030326 105612
1509030356 105620
1509030413 105627
1509030476 105634
1509030500 105641
1509030513 105648
1509030518 105655
1509030534 105662
1509030546 105670
1509030553 105677
1509030560 105684
1509030569 105691
1509030591 105698
1509030617 105705
1509030665 105705
1509030798 105705
1509030837 105712
1509030858 105712
1509030912 105712
1509030947 105720
1509030967 105720
1509031072 105720
1509031188 105727
1509031191 105734
1509031263 105741
1509031278 105748
1509031336 105755
1509031368 105762
1509031438 105770
1509031467 105777
1509031488 105784
1509031510 105791
1509031538 105798
1509031588 105805
1509031659 105805
1509031868 105805
1509032508 105805
1509038681 105805
1509040723 105805
1509053018 105805
1509074864 105815
1509240522 105815
1509329846 105815
1509402146 105970
1509403327 105971
1509579806 105971
1509676858 105978
1509677259 106000
1509677292 106000
1509678754 106049
1509678869 106056
1509679128 106085
1509679190 106247
1509679317 106379
1509679609 106379
1509725363 106385
1509726528 106395
1509747379 106389
1510001378 106388
1510112268 106391
1511768192 106391
1511768486 106391
1511929903 106403
1511929956 106403
1512001653 106398
1512001973 107371
1512002174 107378
1512002389 107663
1512607204 107719
1512614561 107720
1512614596 107720
1512614724 124895
1512615415 124941
1512616437 124945
1512619752 125011
1512851103 125063
1512851994 125058
1512901065 125058
1512901101 125066
1512909194 124996
1513060615 125041
1513290467 125395
1513290517 125397
1513290707 125432
1513290819 125432
1513292091 125449
1513300029 125454
1513300820 125481
1513531458 125547
1513987465 125547
1513987730 125551
1513989772 125554
1513991812 125555
1513993973 125552
1514059058 125552
1514080686 125557
1514080916 125588
1514080949 125626
1514081066 125646
1514083045 125664
1514155749 125685
1514323556 125687
1514331805 125702
1514338474 125722
1514338748 125744
1514340020 125772
1514341318 125794
1514341562 125792
1514408653 125792
1514408665 125793
1514412650 125666
1514415943 125665
1514417166 125906
1514490575 125930
1514660381 125928
1514931900 128507
1514933446 128501
1514953945 128501
1515031291 128623
1515031379 128626
1515032709 129282
1515040895 129282
1515041838 129283
1515043373 129302
1515043444 129314
1515782010 130091
1515865753 130134
1515868607 129440
1515875890 129441
1516134439 129457
1516401292 129716
1516408570 129728
1516408862 129742
1516410172 121188
1516410638 121188
1516410655 121148
1516410780 121148
1516416157 121148
1516418048 130542
1516678811 130541
1516678969 130632
1516834526 130642
1516843367 130642
1516843422 130645
1516844158 130655
1516846626 130663
1516848870 130663
1516850308 130663
1516850315 130829
1516921485 130830
1516922075 130781
1516922790 130780
1516927373 130759
1516940999 130764
1516993189 130772
1516993704 130771
1517324558 130771
1517475708 127465
1517476185 127465
1517476698 127464
1517526045 127522
1518131961 127230
1518131987 127275
1518132633 127276
1518558763 127276
1518645741 127295
1518969511 127310
1519151715 127316
1519152211 127322
1519153537 127516
1519578713 127516
1519785311 127545
1519968738 127545
1519968858 127548
1520017973 127537
1520358152 127583
1520465978 127597
1520472314 127728
1520557070 128232
1520557088 128232
1520557114 127728
1520557138 128232
1520557153 127728
1520880924 127764
1521049297 127765
1521049435 127776
1521493031 128127
1521837142 128127
1522127771 128190
1523055704 128190
1523063100 128193
1523063169 128205
1523063276 128247
1523063942 128247
1523063979 128247
1523064036 128247
1523064066 128248
1523064278 128251
1523358568 128254
1523405138 128258
1523406341 128258
1523559054 128277
1523588450 128301
1523608677 128383
1523641668 128384
1523648480 128431
1523648537 128440
1523653881 128439
1523718673 128416
1523747418 128440
1523812671 128469
1524025396 128476
1524025505 128476
1524428939 128479
1524429316 128540
1524618270 128540
1524618536 128564
1524624315 128566
1524664452 128572
1524689425 128572
1524756973 128572
1524757032 128626
1524757417 128626
1524757577 128757
1524757833 128750
1524758363 129897
1524772620 129897
1524860224 129897
1524860261 130479
1524869546 130487
1524874271 130492
1524874621 130497
1524874911 130497
1524875102 130502
1524875649 130483
1524875949 130525
1524875991 130524
1524876185 130524
1524878115 130523
1525276936 130521
1525276954 130528
1525408186 130535
1525576709 130662
1525577209 130831
1525577310 130833
1525577469 130833
1525577638 130944
1525578011 131229
1525578624 131696
1525578776 131759
1525579376 131789
1525579824 131789
1525579890 131788
1525580441 131785
1525580588 131785
1525584829 131785
1525585063 131785
1525585078 131785
1525701182 131784
1525872939 131788
1525908913 131826
1525911981 131828
1525912036 131891
1525915289 131889
1525915310 131890
1525915362 131886
1525928265 131887
1526264849 131887
1526264860 131963
1526265781 131964
1526265785 131971
1527077411 131971
1527077421 132298
1527077469 132421
1527078784 132409
1527079829 132407
1527171077 132394
1527171141 132427
1527355626 132427
1527357007 132448
1527357082 132446
1527699737 132441
1527740639 132445
1527740684 132447
1527901375 132659
1528139883 132666
1528169736 132666
1528266650 132668
1528301420 132668
1528309486 132685
1528311505 132683
1528337934 132799
1528567384 132793
1528671418 132799
1528832782 132798
1528924110 132826
1529026081 132826
1529028263 132836
1529029012 132840
1529029570 132836
1529103214 132838
1531713189 119754
1533694033 119825
1533694178 119801
1533866675 119925
1533866762 119925
1533867283 119940
1533867822 119961
1533868795 119970
1533869945 119970
1533869955 119998
1533870889 119998
1533870922 120002
1533942339 120002
1533942358 120217
1533942446 120217
1533943611 120217
1534047244 120349
1534048100 120351
1534112809 120400
1534113017 120401
1534124023 120403
1534131253 120470
1534229234 120468
1534282716 120517
1534282732 120526
1534464011 120579
1534484588 120591
1534617331 120591
1534637884 123596
1534681399 123596
1534703148 123597
1535135640 123596
1535313409 123613
1535313523 123608
1535314358 123613
1535434040 123613
1535434883 123613
1535575926 124871
1535761127 124871
1535838919 124838
1535841449 124857
1535841634 124950
1535843399 124948
1535845574 124948
1535848139 124904
1535930623 124904
1536204267 124910
1536204452 124912
1536204859 124912
1536391148 124918
1536574470 125028
1536633007 125050
1536689911 124991
1536689952 124991
1536690102 124992
1536690116 124992
1536731151 124286
1536945432 124295
1538860134 124295
1538860139 124456
1538860991 124456
1538861476 124470
1540255160 124479
1540439379 124479
1540876647 124479
1540919770 124481
1540919808 124482
1541371557 124545
1541372236 124521
1541372600 124521
1541372812 124512
1541374366 124678
1541374481 124676
1541374850 124676
1541378854 124702
1541379569 124692
1541381486 124694
1541384294 124731
1541384600 124729
1541386279 124716
1541386335 124725
1541429685 124725
1541429736 124733
1541440820 124727
1541482870 124728
1541516947 124731
1541618364 124742
1541725156 124741
1542042201 124741
1542177485 124763
1542414045 124747
1542414978 124665
1542415543 124178
1542415715 124177
1542417128 124205
1542504836 124205
1542649606 124204
1542675382 124204
1542748422 124213
1543264313 124221
1543762756 124221
1544039487 124224
1545510402 123026
1545510880 123026
1545511524 123027
1545511551 123027
1545511573 123027
1545511608 123027
1545511738 123031
1545512137 123044
1545512142 123109
1545513223 123102
1545513233 123102
1545513877 123135
1545514073 123224
1545514189 123253
1545514358 123308
1545514860 123508
1545515017 123660
1545515221 123943
1545515380 124076
1545515542 128863
1545515951 128865
1545525536 128931
1545526173 128963
1545587209 128963
1545587227 128963
1545587289 128963
1545610078 128994
1545670074 128994
1545670543 128996
1545863961 128697
1546013332 128702
1546101926 128702
1546391320 128703
1546391347 128704
1546391372 128704
1546552123 128704
1546903827 128703
1547097188 128697
1547141253 128826
1547657454 128825
1547881938 128825
1548017011 128825
1548017053 128826
1548100516 128820
1548171748 128820
1548382519 128823
1548382619 128819
1548558638 128819
1548605817 128821
1548607737 128835
1549333532 128835
1549573809 128817
1549588160 128819
1549588996 128811
1549849230 128811
1549927081 128811
1549931149 128866
1549936515 128907
1550000667 128912
1550012212 128912
1550333067 128913
1550503492 128902
1550503515 128906
1550503935 128901
1550504797 128901
1550504874 128906
1550510586 128908
1550703908 129162
1550939982 129189
1551048278 129223
1551129609 129233
1551908928 129234
1551908937 130077
1551975246 130077
1552085497 130121
1552252179 130121
1552315018 130122
1552324973 130536
1552326146 130536
1552330766 130536
1552334645 130553
1552338800 130557
1552359198 130557
1552399420 130557
1552399540 130660
